$ANSIBLE_VAULT;1.1;AES256
32343033383663336634626362343066626530303834643230383230663264333834633633303061
3730363938653933316135643665346638393633386431390a623331633062386566393737373837
34656438396536353665313062656239343137633065376663313665666535616333343938393234
3836333861313161370a653066343464643862353562643037313163646231363436613361623966
32346365333164343730666539336163613731333839636339626266653232653366353733643264
38356430303265646333663135336261313839323864353135343537396637653835653736343939
34386130653039643035353539666364346135663861623436623832633566343966303732346137
33663734373131333665316537376465373563346161616166383639613936303239656165306130
37313730613130656462343761623261393734316239336438363361623463363434363431316335
63616138343632623464363265376466333139613363343138366435623931653434323333383763
30636466643466623065323331386631333534316233663034316430313363623464653636636432
39633930656137323434313737393832303866363833316234343732376233386163393961333138
38663834326535663564636232343064383162366261353962623336343739363766623065626665
30363337346131336463303361376463333634623731656664643635623833316261393134383330
32313066626164353133303239373138626266336136363230623632653535326136333336393330
31383734376661366137333063326333323034306234336636356263323236656434333833373464
36636531333763376233613039613566313366363731366239353535366530323935656232386564
32626232646361623932363335383466333836386163316134346261353931346664333264353534
37356131633931666133393361366437353533393236353539353861303831336333643332313635
65353838373563323736393633646161323361666166613432336665343935336166633431653565
30386664353839663534613738336466373433343062663762313531356232633030326365396133
33306130373733356662363436353437323438663131633239333030326230623236343932393735
32383930313537303639343864333263623362326535336563633330363137613331343061323033
32383461393464373331396263383837636266613263613563623938393633363864306130343763
34313039663665303233393666343465626562376639633061643766663133333765313331373035
37383439616339356161316365633632376532623238376662353232363833646331643039666365
61663034343435303435386336373336323831656436623434336230323564356238303961663838
39376463376563313831343836656434666530373435663132663531323933613732633166393238
64623638396631313636383032663932353438356363633530383066323939643436663264303433
30373137363636303438383236303532633165313732343265343662393662663438353065373032
31653262623933303765393665396333613531383866373932336466623261643763393739363962
61313939383162613464386339643064623464346361376161323331316230653633633066636339
36303164663331643237326565666461346538656432636239353166636532343736353363346562
33616366393739376339633763373862396564643930643034363864356534366563626639376465
30393333613062306163303036626162623261376533333862366566626163346666383032343030
38613565303764656334636361386234313636663239353236656538626533623062666633326664
61376334313539336666396339656165366232313766333166363234313139633930643230343539
63393362333162303333313132656336373835333731373838313732376337366435313765363532
61306339376164633166303733626630633231353966663637303639343863363338336637666536
38343465643666656435386463373064653536323263643265633162336364313563653132653835
35363430633763656435396636353130613536306165653464363664643336373237643766353537
36303832363638656431616530346538346463366366633461303566643435353237656633363263
61326337663538643134643230316139333461346465353430326133376337386433623163626363
34373561613131653234613365306636623638343035386363376161626333363361383663613436
31383264346638386361613235666561363538323937623838646333356232323838303938376562
61646435666161373236353763356431353761656262336331316130653734663237353832653161
35396639303862616563326461633431633734303730336166613062613238626135646265393634
61333832303837626131323634643439363064326437363439353162623663613433336266336261
34353333613663356262363834333530383564623732303365396539656563333630623038386330
64346365653163633562646337613833313465316338336536383565343262303364303639346165
32663463393164346634386239396234346238313231623532376361303964376430613461326234
32323062613635386430303862643661643331326435363732366366393234373931633435653864
39306465613035653464373831306464356137393237613131346165303136633064376565663662
61356565346266313138316530313963663733323932633766363531346530616334656539373566
37376630313936636466306334393465336636313834643662646165633466313266643165626437
34363464623363336162313666633866633164653737303137316236363437353864666335353566
61396331643362623137383565333261663237336466383235396237646532313537663733666663
39386165323062646535303561393263373738636531653432393764306465323931393165356163
38666535313061326333363064613366633461366332323334376438363731663831303536626535
30366563366364663564643136633165646437616236313538343133363037396637643139663063
34643563373539366132333236626138393565636564633737383934353162396335653962303230
65346234343735656663623431626434386637373164636130323230353564666663373134336263
64306335613839666331373565353766306631663865353565396265366365356361643866623930
35353132323232626266643564316261626133376262633261643535633066663230386536626662
38313162313131333333383439373238663932333462643066306336616334353835363133303062
65383066663162613565303464633564653836303734656161666630373131626236333464666462
37376332623630383063616365653966303365333631346535623437363335336563303638643637
31386364303363383765373865646465343265383432333135333164616431386435343734653062
37656464306566616162363338313035316166353431323564653231653462613636323661383434
36376431626166653930373564646230313038313136653434646262333866363637623633333739
30623439303361396562656237613366303836653534373762623230323533373935383361313935
32613439653266356134383735613433326637616330363265376238373664323464613436336233
65303165613336316330326266623130653630643265313839623938353935336238636562656334
31313336313233356434396161313239323830656363666564346332316465613733396563333234
62393437626437386536373837636532653038386136663036376364343736626339633263336131
62666639313362636237363766313237356132396131386365356530333638666534633264373765
31326565373463313361383965323535363236363536366661393736336633643932313766356663
37636537623232316430386665316632336338386538633533343939393166393430306638313466
39333137653965656165356434623936343830383364633132383163656233663533646364376534
61623139656364613462353665633333653766366435386666616232356666666662363639373534
65376230363163343063623664323334383133323565363532313630353238336662323636636563
66653163626633363562306463633134333839373762396433636637626464356163666534376531
35366663623335363461316262393938333838613537393932383237333132313438356239356232
61643761356661363038333932656261646537623938383764393866636233313935623138613062
31363935636661373462663638353535663266343264623530343334623965343236643461396365
34353732633332623938663065393265333665313638396330386432356334613833356163343435
34313862333265633838396138666138393332383639613236333564353333316234633538336439
64373262316539303039353032343133636532306264303237303231633061653065376361373038
63663835386135613130313066333463346463383464306564633038366435386333
